{
 "cells": [
  {
   "cell_type": "code",
   "execution_count": 2,
   "metadata": {},
   "outputs": [],
   "source": [
    "import numpy as np\n",
    "import numpy.linalg as ln\n",
    "import matplotlib.pyplot as plt"
   ]
  },
  {
   "cell_type": "code",
   "execution_count": 4,
   "metadata": {},
   "outputs": [
    {
     "name": "stdout",
     "output_type": "stream",
     "text": [
      "10\n",
      "[[  52.94275749  -59.30390431  -35.24099221  -52.18036468  -63.48518841\n",
      "     3.92567259   26.91078418    7.08903295   42.85600854   21.43640991]\n",
      " [ -59.30390431   67.0009712    34.79616589   59.39706273   75.46910987\n",
      "    -9.46187932  -26.43083435  -10.32786376  -42.50303699  -20.8544795 ]\n",
      " [ -35.24099221   34.79616589   65.33251926   27.32846932   24.09184616\n",
      "    33.08007521  -60.58240464    4.07592529  -88.20449413  -25.67784443]\n",
      " [ -52.18036468   59.39706273   27.32846932   72.44956455  113.59838919\n",
      "    -3.24225678    9.19798079  -36.31745787  -34.2277953   -23.06218893]\n",
      " [ -63.48518841   75.46910987   24.09184616  113.59838919  291.6633844\n",
      "   -55.48276386    6.19314364 -149.33082483  -97.36838801   70.00953045]\n",
      " [   3.92567259   -9.46187932   33.08007521   -3.24225678  -55.48276386\n",
      "    93.83597232   30.0463621    23.15894811  -33.50521071  -57.38536515]\n",
      " [  26.91078418  -26.43083435  -60.58240464    9.19798079    6.19314364\n",
      "    30.0463621   182.37330192  -22.79684185   38.81994655  -40.03801594]\n",
      " [   7.08903295  -10.32786376    4.07592529  -36.31745787 -149.33082483\n",
      "    23.15894811  -22.79684185  202.66188234  105.49976787  -92.80895711]\n",
      " [  42.85600854  -42.50303699  -88.20449413  -34.2277953   -97.36838801\n",
      "   -33.50521071   38.81994655  105.49976787  377.07496864   81.9536034 ]\n",
      " [  21.43640991  -20.8544795   -25.67784443  -23.06218893   70.00953045\n",
      "   -57.38536515  -40.03801594  -92.80895711   81.9536034   348.87207512]]\n",
      "[[ 7.2761774   0.          0.          0.          0.          0.\n",
      "   0.          0.          0.          0.        ]\n",
      " [-8.15042035  0.75605511  0.          0.          0.          0.\n",
      "   0.          0.          0.          0.        ]\n",
      " [-4.84333879 -6.18880964  1.8902973   0.          0.          0.\n",
      "   0.          0.          0.          0.        ]\n",
      " [-7.17139809  1.25275763  0.18411774  4.40650802  0.          0.\n",
      "   0.          0.          0.          0.        ]\n",
      " [-8.7250743   5.76159951  9.25293492  9.5553873   2.32770335  0.\n",
      "   0.          0.          0.          0.        ]\n",
      " [ 0.53952403 -6.69862767 -3.04891649  2.1740574  -2.0376743   5.52256639\n",
      "   0.          0.          0.          0.        ]\n",
      " [ 3.6984783   4.91143886 -6.49287341  6.98145822  1.51758847  5.26365347\n",
      "   4.86467285  0.          0.          0.        ]\n",
      " [ 0.97427984 -3.15727452 -5.68433247 -5.52106634 -7.42642912 -3.43620847\n",
      "   4.13209343  6.70200681  0.          0.        ]\n",
      " [ 5.88990705  7.27748712 -7.74412385  0.0726144  -7.28033592 -4.8053363\n",
      "  -6.81506695  5.47605628  8.77032154  0.        ]\n",
      " [ 2.94610875  4.17634272  7.63781888 -1.94545734  8.40721022  2.47143563\n",
      "  -6.99737351  7.46391241  8.89597036  0.1700217 ]]\n"
     ]
    }
   ],
   "source": [
    "n = int(input())\n",
    "L = np.random.uniform(-n, n, (n, n))\n",
    "for i in range(n):\n",
    "    L[i][i] = abs(L[i][i])\n",
    "    for j in range(i + 1,n):\n",
    "            L[i][j] = 0\n",
    "A = L.dot(np.transpose(L))\n",
    "print(A)\n",
    "L = ln.cholesky(A)\n",
    "print(L)"
   ]
  },
  {
   "cell_type": "code",
   "execution_count": null,
   "metadata": {},
   "outputs": [],
   "source": []
  }
 ],
 "metadata": {
  "kernelspec": {
   "display_name": "Python 3",
   "language": "python",
   "name": "python3"
  },
  "language_info": {
   "codemirror_mode": {
    "name": "ipython",
    "version": 3
   },
   "file_extension": ".py",
   "mimetype": "text/x-python",
   "name": "python",
   "nbconvert_exporter": "python",
   "pygments_lexer": "ipython3",
   "version": "3.6.9"
  }
 },
 "nbformat": 4,
 "nbformat_minor": 2
}
